GALAXY-3C
1 27445U 02030A   25364.44686457 -.00000136  00000-0  00000-0 0  9992
2 27445   3.3065  80.3088 0001011 100.5915 344.2425  1.00270692 44809
DIRECTV-10
1 31862U 07032A   25364.50739149 -.00000085  00000-0  00000-0 0  9994
2 31862   0.0194 192.3614 0000778  61.5023 285.1926  1.00276558 43904
DIRECTV-11
1 32729U 08013A   25364.50183640 -.00000104  00000-0  00000-0 0  9998
2 32729   0.0422 207.4627 0001504 314.0806  19.1067  1.00256100 43908
DIRECTV-12
1 36131U 09075A   25364.58864618 -.00000085  00000-0  00000-0 0  9995
2 36131   0.0048 114.8359 0000552 201.8302 251.8031  1.00270293 44863
DIRECTV-14
1 40333U 14078B   25364.58933953 -.00000107  00000-0  00000-0 0  9997
2 40333   0.0087 355.4501 0000463 257.4373 319.3192  1.00276212 40358
DIRECTV-15
1 40663U 15026A   25364.58855951  .00000000  00000-0  00000-0 0  9999
2 40663   0.0281  28.6635 0000516 156.3968  23.2133  1.00270811 38771
SKYTERRA-1
1 37218U 10061A   25364.58890619 -.00000104  00000-0  00000-0 0  9991
2 37218   4.7653  50.9176 0004374 192.6309 326.4042  1.00271060 55507
SES-3
1 37748U 11035A   25364.58855951 -.00000084  00000-0  00000-0 0  9998
2 37748   0.8904  84.9997 0003147 204.0312 279.1198  1.00270661 52901
SES-20
1 53960U 22123A   25363.94659238 -.00000080  00000-0  00000-0 0  9997
2 53960   0.0165  63.0145 0000797  22.0942 251.1961  1.00269335 11835
SES-18
1 55970U 23038A   25364.58855951 -.00000082  00000-0  00000-0 0  9999
2 55970   0.0138 309.9445 0003144 323.6077 294.4966  1.00271079 10417
ECHOSTAR-10
1 28935U 06003A   25364.48021926 -.00000036  00000-0  00000-0 0  9998
2 28935   0.0124   1.3960 0001409 256.3292 264.1147  1.00271000 72777
ECHOSTAR-11
1 33207U 08035A   25364.58717285 -.00000038  00000-0  00000-0 0  9996
2 33207   0.5682  86.2511 0002750 181.8916 292.5216  1.00269768 49525
ANIK-F2
1 28378U 04027A   25364.58699950 -.00000033  00000-0  00000-0 0  9999
2 28378   2.8486  81.7585 0001244 204.5949 273.1116  1.00270997 39576
AMC-11
1 28252U 04017A   25364.54589925 -.00000031  00000-0  00000-0 0  9993
2 28252   0.0138   7.9491 0003261 279.4416 257.2666  1.00272847 79177
WILDBLUE-1
1 29643U 06054A   25364.58691284 -.00000032  00000-0  00000-0 0  9998
2 29643   2.3673  82.6772 0001749 201.3556 275.3175  1.00270351 52109
MEXSAT-3
1 39035U 12075B   25364.58621950  .00000000  00000-0  00000-0 0  9991
2 39035   0.0194  30.9522 0002341 206.0118 318.5520  1.00270405  5362
AT&T-T16
1 44333U 19034A   25364.58899286 -.00000096  00000-0  00000-0 0  9995
2 44333   0.0209  67.9543 0000691  96.4058  46.0773  1.00268104 23949

